0 0
1 215
2 412
3 616
4 833
5 1045
6 1254
7 1468
8 1665
9 1861
10 2066
11 2274
12 2497
13 2699
14 2896
15 3154
16 3361
17 3600
18 3828
19 4023
20 4284
21 4541
22 4765
23 5029
24 5249
25 5501
26 5724
27 5938
28 6153
29 6382
30 6604
31 6813
32 7012
33 7229
34 7439
35 7637
36 7837
37 8055
38 8271
39 8485
40 8736
41 8946
42 9154
43 9369
44 9604
45 9804
46 10020
47 10228
48 10438
49 10667
50 10879
51 11088
52 11295
53 11502
54 11735
55 11956
56 12181
57 12407
58 12611
59 12827
60 13060
61 13273
62 13465
63 13686
64 13884
65 14112
66 14316
67 14575
68 14784
69 14991
70 15192
71 15389
72 15589
73 15803
74 16000
75 16204
76 16411
77 16613
78 16822
79 17038
80 17239
81 17446
82 17753
83 17957
84 18186
85 18400
86 18596
87 18792
88 19000
89 19200
90 19441
91 19658
92 19947
93 20165
94 20365
95 20574
96 20794
97 21016
98 21227
99 21433
100 21643
101 21847
102 22061
103 22265
104 22478
105 22690
106 22899
107 23116
108 23328
109 23546
110 23749
111 23957
112 24175
113 24399
114 24605
115 24819
116 25032
117 25240
118 25470
119 25732
120 25944
121 26150
122 26369
123 26583
124 26785
125 26986
126 27184
127 27395
128 27596
129 27802
130 27997
131 28202
132 28401
133 28611
134 28821
135 29027
136 29227
137 29424
138 29621
139 29847
140 30064
141 30284
142 30490
143 30700
144 30927
145 31126
146 31352
147 31555
148 31757
149 31950
150 32153
151 32351
152 32558
153 32766
154 32981
155 33188
156 33392
157 33592
158 33809
159 34010
160 34231
161 34432
162 34633
163 34853
164 35051
165 35255
166 35458
167 35661
168 35861
169 36062
170 36277
171 36479
172 36680
173 36890
174 37093
175 37305
176 37509
177 37707
178 37918
179 38119
180 38377
181 38584
182 38787
183 38986
184 39187
185 39384
186 39585
187 39785
188 39997
189 40207
190 40417
191 40621
192 40824
193 41036
194 41220
195 41423
196 41631
197 41820
198 42057
199 42240
200 42441
201 42648
202 42834
203 43052
204 43270
205 43477
206 43677
207 43882
208 44082
209 44270
210 44476
211 44678
212 44873
213 45078
214 45276
215 45489
216 45698
217 45901
218 46118
219 46324
220 46525
221 46723
222 46921
223 47132
224 47320
225 47509
226 47695
227 47904
228 48085
229 48289
230 48475
231 48681
232 48871
233 49073
234 49259
235 49459
236 49667
237 49871
238 50093
239 50300
240 50497
241 50706
242 50913
243 51131
244 51330
245 51528
246 51729
247 51935
248 52121
249 52325
250 52531
251 52735
252 52944
253 53129
254 53332
255 53517
256 53706
257 53894
258 54082
259 54267
260 54463
261 54665
262 54873
263 55093
264 55307
265 55515
266 55712
267 55916
268 56111
269 56309
270 56515
271 56719
272 56914
273 57109
274 57304
275 57510
276 57721
277 57933
278 58126
279 58336
280 58551
281 58754
282 58952
283 59145
284 59349
285 59550
286 59745
287 59940
288 60164
289 60356
290 60563
291 60759
292 60955
293 61147
294 61339
295 61529
296 61726
297 61918
298 62123
299 62319
300 62511
301 62706
302 62903
303 63099
304 63300
305 63488
306 63701
307 63889
308 64089
309 64285
310 64472
311 64669
312 64866
313 65062
314 65255
315 65460
316 65666
317 65863
318 66069
319 66305
320 66538
321 66777
322 67001
323 67238
324 67434
325 67653
326 67869
327 68091
328 68308
329 68524
330 68752
331 68966
332 69188
333 69416
334 69630
335 69852
336 70086
337 70294
338 70497
339 70704
340 70910
341 71116
342 71318
343 71539
344 71778
345 71991
346 72199
347 72404
348 72637
349 72870
350 73081
351 73298
352 73523
353 73727
354 73938
355 74169
356 74379
357 74607
358 74817
359 75027
360 75231
361 75439
362 75672
363 75867
364 76068
365 76267
366 76493
367 76723
368 76918
369 77117
370 77330
371 77539
372 77751
373 77978
374 78169
375 78370
376 78614
377 78809
378 79013
379 79213
380 79416
381 79623
382 79862
383 80084
384 80279
385 80476
386 80684
387 80918
388 81124
389 81322
390 81546
391 81747
392 81973
393 82174
394 82391
395 82613
396 82860
397 83096
398 83297
399 83541
400 83761
401 83981
402 84201
403 84414
404 84637
405 84842
406 85058
407 85271
408 85485
409 85705
410 85912
411 86112
412 86315
413 86518
414 86750
415 86972
416 87187
417 87380
418 87596
419 87802
420 87990
421 88195
422 88396
423 88591
424 88779
425 88967
426 89155
427 89343
428 89549
429 89783
430 90020
431 90247
432 90446
433 90668
434 90893
435 91115
436 91315
437 91527
438 91742
439 91950
440 92138
441 92356
442 92573
443 92768
444 92963
445 93158
446 93353
447 93548
448 93741
449 93938
450 94135
451 94332
452 94556
453 94789
454 94986
455 95181
456 95412
457 95645
458 95864
459 96076
460 96298
461 96519
462 96716
463 96913
464 97106
465 97301
466 97492
467 97689
468 97886
469 98103
470 98300
471 98493
472 98684
473 98881
474 99078
475 99275
476 99468
477 99661
478 99852
479 100048
480 100244
481 100440
482 100636
483 100834
484 101030
485 101228
486 101426
487 101620
488 101817
489 102014
490 102207
491 102410
492 102636
493 102831
494 103026
495 103221
496 103418
497 103613
498 103804
499 103995
500 104198
501 104429
502 104619
503 104814
504 105009
505 105197
506 105388
507 105579
508 105770
509 105961
510 106156
511 106351
512 106548
513 106743
514 106948
515 107141
516 107332
517 107523
518 107711
519 107902
520 108093
521 108284
522 108475
523 108664
524 108854
525 109043
526 109232
527 109423
528 109614
529 109805
530 109996
531 110187
532 110378
533 110565
534 110756
535 110947
536 111138
537 111329
538 111520
539 111707
540 111898
541 112091
542 112289
543 112487
544 112683
545 112877
546 113073
547 113269
548 113465
549 113661
550 113858
551 114055
552 114250
553 114447
554 114643
555 114838
556 115035
557 115232
558 115427
559 115626
560 115825
561 116022
562 116219
563 116416
564 116613
565 116810
566 117004
567 117201
568 117398
569 117594
570 117790
571 117984
572 118180
573 118374
574 118564
575 118759
576 118961
577 119179
578 119371
579 119565
580 119759
581 119953
582 120146
583 120339
584 120533
585 120726
586 120924
587 121115
588 121310
589 121514
590 121709
591 121904
592 122131
593 122321
594 122536
595 122726
596 122914
597 123123
598 123311
599 123499
600 123750
601 123995
602 124214
603 124402
604 124588
605 124781
606 124991
607 125183
608 125378
609 125584
610 125779
611 125976
612 126173
613 126370
614 126567
615 126764
616 126961
617 127151
618 127375
619 127586
620 127807
621 128017
622 128205
623 128393
624 128616
625 128846
626 129071
627 129293
628 129518
629 129706
630 129924
631 130112
632 130303
633 130529
634 130759
635 130967
636 131218
637 131421
638 131647
639 131858
640 132050
641 132241
642 132434
643 132627
644 132852
645 133043
646 133279
647 133469
648 133702
649 133921
650 134139
651 134347
652 134535
653 134760
654 134978
655 135167
656 135355
657 135543
658 135731
659 135921
660 136109
661 136299
662 136549
663 136737
664 136966
665 137195
666 137422
667 137617
668 137836
669 138064
670 138301
671 138520
672 138730
673 138918
674 139104
675 139292
676 139480
677 139670
678 139860
679 140048
680 140238
681 140434
682 140630
683 140828
684 141026
685 141222
686 141418
687 141614
688 141810
689 142006
690 142200
691 142391
692 142581
693 142771
694 142955
695 143145
696 143333
697 143521
698 143707
699 143897
700 144085
701 144273
702 144460
703 144649
704 144837
705 145025
706 145211
707 145399
708 145587
709 145775
710 145963
711 146151
712 146339
713 146527
714 146726
715 146928
716 147124
717 147320
718 147522
719 147717
720 147933
721 148128
722 148325
723 148517
724 148705
725 148895
726 149085
727 149275
728 149461
729 149649
730 149874
731 150092
732 150287
733 150491
734 150706
735 150921
736 151150
737 151387
738 151613
739 151816
740 152021
741 152223
742 152461
743 152660
744 152880
