0 0
1 87
2 172
3 257
4 346
5 431
6 520
7 605
8 692
9 779
10 866
11 954
12 1048
13 1133
14 1222
15 1313
16 1406
17 1496
18 1582
19 1676
20 1766
21 1858
22 1954
23 2047
24 2143
25 2238
26 2326
27 2417
28 2504
29 2597
30 2687
31 2777
32 2871
33 2960
34 3049
35 3139
36 3232
37 3325
38 3421
39 3515
40 3606
41 3693
42 3787
43 3880
44 3971
45 4062
46 4150
47 4241
48 4332
49 4423
50 4513
51 4603
52 4694
53 4788
54 4879
55 4970
56 5064
57 5157
58 5250
59 5341
60 5429
61 5514
62 5605
63 5693
64 5783
65 5874
66 5967
67 6053
68 6138
69 6228
70 6318
71 6406
72 6493
73 6575
74 6663
75 6754
76 6840
77 6930
78 7019
79 7110
80 7203
81 7291
82 7384
83 7471
84 7562
85 7652
86 7744
87 7837
88 7929
89 8023
90 8113
91 8201
92 8289
93 8380
94 8472
95 8565
96 8660
97 8754
98 8843
99 8933
100 9023
101 9120
102 9216
103 9308
104 9403
105 9494
106 9586
107 9677
108 9768
109 9859
110 9950
111 10041
112 10132
113 10223
114 10314
115 10405
116 10496
117 10587
118 10678
119 10769
120 10852
121 10943
122 11034
123 11123
124 11214
125 11303
126 11390
127 11477
128 11568
129 11655
130 11749
131 11839
132 11931
133 12022
134 12108
135 12204
136 12304
137 12396
138 12486
139 12573
140 12665
141 12765
142 12859
143 12955
144 13041
145 13136
146 13224
147 13315
148 13405
149 13495
150 13589
151 13679
152 13765
153 13859
154 13952
155 14047
156 14141
157 14235
158 14325
159 14415
160 14512
161 14604
162 14696
163 14790
164 14886
165 14982
166 15072
167 15167
168 15261
169 15352
170 15442
171 15537
172 15628
173 15723
174 15818
175 15909
176 16004
177 16098
178 16186
179 16282
180 16373
181 16464
182 16554
183 16645
184 16741
185 16832
186 16923
187 17021
188 17114
189 17210
190 17299
191 17382
192 17472
193 17562
194 17658
195 17755
196 17846
197 17937
198 18030
199 18121
200 18212
201 18303
202 18394
203 18481
204 18572
205 18654
206 18741
207 18831
208 18926
209 19016
210 19110
211 19200
212 19293
213 19379
214 19474
215 19560
216 19653
217 19744
218 19834
219 19925
220 20018
221 20109
222 20200
223 20293
224 20387
225 20478
226 20573
227 20664
228 20755
229 20850
230 20937
231 21028
232 21119
233 21210
234 21302
235 21394
236 21486
237 21574
238 21667
239 21756
240 21853
241 21941
242 22033
243 22124
244 22215
245 22307
246 22393
247 22484
248 22575
249 22666
250 22762
251 22861
252 22956
253 23054
254 23153
255 23245
256 23341
257 23431
258 23530
259 23625
260 23722
261 23813
262 23909
263 24007
264 24098
265 24190
266 24285
267 24377
268 24468
269 24559
270 24645
271 24740
272 24831
273 24924
274 25015
275 25106
276 25197
277 25290
278 25384
279 25473
280 25566
281 25656
282 25742
283 25832
284 25922
285 26016
286 26103
287 26192
288 26280
289 26370
290 26466
291 26562
292 26658
293 26750
294 26845
295 26942
296 27032
297 27122
298 27212
299 27305
300 27392
301 27483
302 27576
303 27663
304 27754
305 27847
306 27946
307 28037
308 28132
309 28225
310 28318
311 28413
312 28507
313 28602
314 28693
315 28784
316 28875
317 28970
318 29065
319 29156
320 29251
321 29341
322 29439
323 29529
324 29619
325 29706
326 29792
327 29890
328 29977
329 30067
330 30153
331 30243
332 30334
333 30428
334 30521
335 30615
336 30706
337 30801
338 30896
339 30990
340 31084
341 31178
342 31273
343 31368
344 31464
345 31561
346 31652
347 31741
348 31833
349 31927
350 32018
351 32112
352 32211
353 32306
354 32399
355 32494
356 32592
357 32691
358 32785
359 32876
360 32975
361 33070
362 33165
363 33260
364 33354
365 33449
366 33547
367 33632
368 33722
369 33819
370 33920
371 34015
372 34110
373 34208
374 34303
375 34394
376 34491
377 34584
378 34680
379 34771
380 34862
381 34953
382 35048
383 35138
384 35229
385 35327
386 35424
387 35514
388 35612
389 35709
390 35803
391 35896
392 35993
393 36085
394 36182
395 36280
396 36373
397 36463
398 36556
399 36649
400 36738
401 36836
402 36927
403 37022
404 37111
