;40
;41
;45
;47
;48
;55
;57
;58
;63
;64
;65
;66
;67
;74
;75
;76
;77
;78
;79
;80
;81
;85
;795
Lincoln Street ;855
Lincoln Street ;1032
Lincoln Street ;1073
Lincoln Street ;1074
Lincoln Street ;1148
Poplar Street ;1449
Poplar Street ;1820
Julia Street ;1948
;2068
Durant Avenue ;2074
Lincoln Street ;2180
Durant Avenue ;2532
Durant Avenue ;2703
;2737
;2815
Durant Avenue ;2899
Durant Avenue ;2992
Durant Avenue ;3063
Durant Avenue ;3068
Durant Avenue ;3070
Poplar Street ;3150
Poplar Street ;3153
Poplar Street ;3154
Poplar Street ;3156
;3322
Lincoln Street ;3390
Lincoln Street ;3423
Julia Street ;3456
Julia Street ;3457
Lincoln Street ;3577
Lincoln Street ;3578
Lincoln Street ;3581
Lincoln Street ;3582
;3743
;3758
;3760
;3790
;3822
;3826
;3827
;3831
;3892
;3923
;3925
;3928
;3930
;3950
Lincoln Street ;3969
;3990
Lincoln Street ;4020
;4066
;4068
;4070
;4073
;4075
;4076
;4078
;4080
;4083
;4085
;4087
;4101
;4103
Julia Street ;4123
;4217
;4218
;4221
;4223
;4225
;4226
;4228
;4231
;4236
;4238
;4239
;4240
Durant Avenue ;4264
;4275
;4276
;4278
;4281
;4289
;4294
;4304
;4307
;4336
;4341
;4343
;4353
;4354
;4367
;4396
;4399
;4402
;4455
;4456
;4459
;4461
;4462
;4464
;4467
;4473
;4475
;4477
;4479
;4480
;4483
;4485
;4487
;4489
;4491
;4493
;4494
;4497
;4499
;4501
;4503
;4505
;4506
;4509
;4512
;4514
;4516
;4518
;4520
;4522
;4524
;4526
;4528
;4530
;4532
;4534
;4535
;4557
;4558
;4578
;4593
;4600
;4603
;4605
;4607
;4609
;4611
;4613
;4615
;4617
;4619
;4621
;4623
;4625
;4627
;4629
;4631
;4633
;4635
;4637
;4639
;4641
;4643
;4645
;4647
;4649
;4651
;4653
;4655
;4657
;4659
;4661
;4663
;4665
;4667
;4669
;4670
;4673
;4675
;4677
;4679
;4681
;4683
;4685
;4687
;4689
;4691
;4693
;4695
;4697
;4699
;4701
;4703
;4705
;4707
;4709
;4711
;4713
;4714
;4717
;4719
;4721
;4723
;4724
;4727
;4729
;4731
;4733
;4735
;4737
;4739
;4741
;4743
;4745
;4746
;4749
;4751
;4753
;4754
;4757
;4759
;4761
;4763
;4765
;4767
;4769
;4771
;4773
;4775
;4776
;4779
;4781
;4782
;4785
;4786
;4789
;4790
;4793
;4794
;4797
;4798
;4800
;4803
;4804
;4806
;4809
;4810
;4812
;4815
;4817
;4820
;4821
;4824
;4825
;4853
;4865
;4867
;4881
;4886
;4887
;4889
;4891
;4895
;4897
;4899
;4901
;4903
;4905
;4907
;4909
;4911
;4913
;4915
;4917
;4919
;4921
;4923
;4925
;4931
;4935
;4942
;4951
;4994
;5016
;5018
;5020
;5025
;5030
;5036
;5045
;5046
;5048
;5050
;5055
;5062
;5068
;5101
;5103
;5138
;5140
;5142
;5143
;5148
Faculty Club ;5249
Corder Building ;5807
Easton Hall ;6300
Fenton MacLaren Home Furnishings ;7226
71J ;8131
Empty Gate Zen Center ;21214
Bloom ;40493
