0 0
1 216
2 414
3 619
4 837
5 1050
6 1260
7 1475
8 1673
9 1870
10 2076
11 2285
12 2509
13 2712
14 2910
15 3169
16 3377
17 3617
18 3846
19 4042
20 4304
21 4562
22 4787
23 5052
24 5273
25 5526
26 5750
27 5965
28 6181
29 6411
30 6634
31 6844
32 7044
33 7262
34 7473
35 7672
36 7873
37 8092
38 8309
39 8524
40 8776
41 8987
42 9196
43 9412
44 9648
45 9849
46 10066
47 10275
48 10486
49 10716
50 10929
51 11139
52 11347
53 11555
54 11789
55 12011
56 12237
57 12464
58 12669
59 12886
60 13120
61 13334
62 13527
63 13749
64 13948
65 14177
66 14382
67 14642
68 14852
69 15060
70 15262
71 15460
72 15661
73 15876
74 16074
75 16279
76 16487
77 16690
78 16900
79 17117
80 17319
81 17527
82 17835
83 18040
84 18270
85 18485
86 18682
87 18879
88 19088
89 19289
90 19531
91 19749
92 20039
93 20258
94 20459
95 20669
96 20890
97 21113
98 21325
99 21532
100 21743
101 21948
102 22163
103 22368
104 22582
105 22795
106 23005
107 23223
108 23436
109 23655
110 23859
111 24068
112 24287
113 24512
114 24719
115 24934
116 25148
117 25357
118 25588
119 25851
120 26064
121 26271
122 26491
123 26706
124 26909
125 27111
126 27310
127 27522
128 27724
129 27931
130 28127
131 28333
132 28533
133 28744
134 28955
135 29162
136 29363
137 29561
138 29759
139 29986
140 30204
141 30425
142 30632
143 30843
144 31071
145 31271
146 31498
147 31702
148 31905
149 32099
150 32303
151 32502
152 32710
153 32919
154 33135
155 33343
156 33548
157 33749
158 33967
159 34169
160 34391
161 34593
162 34795
163 35016
164 35215
165 35420
166 35624
167 35828
168 36029
169 36231
170 36447
171 36650
172 36852
173 37063
174 37267
175 37480
176 37685
177 37884
178 38096
179 38298
180 38557
181 38765
182 38969
183 39169
184 39371
185 39569
186 39770
187 39971
188 40184
189 40395
190 40606
191 40811
192 41015
193 41228
194 41412
195 41616
196 41825
197 42014
198 42252
199 42435
200 42637
201 42845
202 43031
203 43250
204 43469
205 43677
206 43878
207 44084
208 44285
209 44473
210 44680
211 44883
212 45079
213 45285
214 45484
215 45698
216 45908
217 46112
218 46330
219 46537
220 46739
221 46938
222 47137
223 47349
224 47537
225 47726
226 47912
227 48122
228 48303
229 48508
230 48694
231 48901
232 49091
233 49294
234 49480
235 49681
236 49890
237 50095
238 50318
239 50526
240 50724
241 50934
242 51142
243 51361
244 51561
245 51760
246 51962
247 52169
248 52355
249 52560
250 52767
251 52972
252 53182
253 53367
254 53571
255 53756
256 53945
257 54133
258 54321
259 54506
260 54703
261 54906
262 55115
263 55336
264 55551
265 55760
266 55958
267 56163
268 56358
269 56557
270 56764
271 56968
272 57163
273 57358
274 57553
275 57760
276 57972
277 58185
278 58379
279 58590
280 58806
281 59010
282 59209
283 59402
284 59607
285 59809
286 60004
287 60199
288 60423
289 60615
290 60823
291 61019
292 61215
293 61407
294 61599
295 61789
296 61986
297 62178
298 62384
299 62580
300 62772
301 62967
302 63164
303 63360
304 63561
305 63749
306 63963
307 64151
308 64352
309 64548
310 64735
311 64932
312 65129
313 65325
314 65518
315 65724
316 65931
317 66128
318 66335
319 66562
320 66786
321 67016
322 67231
323 67459
324 67646
325 67856
326 68063
327 68276
328 68484
329 68691
330 68910
331 69115
332 69328
333 69547
334 69752
335 69965
336 70190
337 70389
338 70583
339 70781
340 70978
341 71175
342 71368
343 71580
344 71810
345 72014
346 72213
347 72409
348 72633
349 72857
350 73059
351 73267
352 73483
353 73678
354 73880
355 74102
356 74303
357 74522
358 74723
359 74924
360 75119
361 75318
362 75542
363 75728
364 75920
365 76110
366 76327
367 76548
368 76734
369 76924
370 77128
371 77328
372 77531
373 77749
374 77931
375 78123
376 78358
377 78544
378 78739
379 78930
380 79124
381 79322
382 79552
383 79765
384 79951
385 80139
386 80338
387 80563
388 80760
389 80949
390 81164
391 81356
392 81573
393 81765
394 81973
395 82186
396 82424
397 82651
398 82843
399 83078
400 83289
401 83500
402 83711
403 83915
404 84129
405 84325
406 84532
407 84736
408 84941
409 85152
410 85350
411 85541
412 85735
413 85929
414 86152
415 86365
416 86571
417 86755
418 86962
419 87159
420 87338
421 87534
422 87726
423 87912
424 88091
425 88270
426 88449
427 88628
428 88825
429 89050
430 89278
431 89496
432 89686
433 89899
434 90115
435 90328
436 90519
437 90722
438 90928
439 91127
440 91306
441 91515
442 91723
443 91909
444 92095
445 92281
446 92467
447 92653
448 92837
449 93025
450 93213
451 93401
452 93616
453 93840
454 94028
455 94214
456 94436
457 94660
458 94870
459 95073
460 95286
461 95498
462 95686
463 95874
464 96058
465 96244
466 96426
467 96614
468 96802
469 97010
470 97198
471 97382
472 97564
473 97752
474 97940
475 98128
476 98312
477 98496
478 98678
479 98865
480 99052
481 99239
482 99426
483 99615
484 99802
485 99991
486 100180
487 100365
488 100553
489 100741
490 100925
491 101119
492 101336
493 101522
494 101708
495 101894
496 102082
497 102268
498 102450
499 102632
500 102826
501 103048
502 103229
503 103415
504 103601
505 103780
506 103962
507 104144
508 104326
509 104508
510 104694
511 104880
512 105068
513 105254
514 105450
515 105634
516 105816
517 105998
518 106177
519 106359
520 106541
521 106723
522 106905
523 107085
524 107266
525 107446
526 107626
527 107808
528 107990
529 108172
530 108354
531 108536
532 108718
533 108896
534 109078
535 109260
536 109442
537 109624
538 109806
539 109984
540 110166
541 110350
542 110539
543 110728
544 110915
545 111100
546 111287
547 111474
548 111661
549 111848
550 112036
551 112224
552 112410
553 112598
554 112785
555 112971
556 113159
557 113347
558 113533
559 113723
560 113913
561 114101
562 114289
563 114477
564 114665
565 114853
566 115038
567 115226
568 115414
569 115601
570 115788
571 115973
572 116160
573 116345
574 116526
575 116712
576 116905
577 117114
578 117297
579 117482
580 117667
581 117852
582 118036
583 118220
584 118405
585 118589
586 118778
587 118960
588 119146
589 119341
590 119527
591 119713
592 119931
593 120112
594 120318
595 120499
596 120678
597 120878
598 121057
599 121236
600 121478
601 121714
602 121924
603 122103
604 122280
605 122464
606 122665
607 122848
608 123034
609 123231
610 123417
611 123605
612 123793
613 123981
614 124169
615 124357
616 124545
617 124726
618 124941
619 125143
620 125355
621 125556
622 125735
623 125914
624 126128
625 126349
626 126565
627 126778
628 126994
629 127173
630 127382
631 127561
632 127743
633 127960
634 128181
635 128380
636 128622
637 128816
638 129033
639 129235
640 129418
641 129600
642 129784
643 129968
644 130184
645 130366
646 130593
647 130774
648 130998
649 131208
650 131417
651 131616
652 131795
653 132011
654 132220
655 132400
656 132579
657 132758
658 132937
659 133118
660 133297
661 133478
662 133719
663 133898
664 134118
665 134338
666 134556
667 134742
668 134952
669 135171
670 135399
671 135609
672 135810
673 135989
674 136166
675 136345
676 136524
677 136705
678 136886
679 137065
680 137246
681 137433
682 137620
683 137809
684 137998
685 138185
686 138372
687 138559
688 138746
689 138933
690 139118
691 139300
692 139481
693 139662
694 139837
695 140018
696 140197
697 140376
698 140553
699 140734
700 140913
701 141092
702 141270
703 141450
704 141629
705 141808
706 141985
707 142164
708 142343
709 142522
710 142701
711 142880
712 143059
713 143238
714 143428
715 143621
716 143808
717 143995
718 144188
719 144374
720 144581
721 144767
722 144955
723 145138
724 145317
725 145498
726 145679
727 145860
728 146037
729 146216
730 146432
731 146641
732 146827
733 147022
734 147228
735 147434
736 147654
737 147882
738 148099
739 148293
740 148489
741 148682
742 148911
743 149101
744 149312
